1 1.3699186991869894 -32.20731707317074
2 5.869918699186989 -11.707317073170742
3 -4.130081300813011 7.792682926829258
4 11.36991869918699 50.79268292682926
5 -3.1300813008130106 4.792682926829258
6 -3.1300813008130106 4.292682926829258
7 -3.1300813008130106 6.292682926829258
8 -3.6300813008130106 6.292682926829258
9 -3.6300813008130106 5.792682926829258
10 -2.6300813008130106 5.792682926829258
11 -2.1300813008130106 5.292682926829258
12 32.86991869918699 61.79268292682926
13 -2.1300813008130106 6.792682926829258
14 -3.1300813008130106 5.292682926829258
15 0.3699186991869894 13.792682926829258
16 -3.1300813008130106 6.292682926829258
17 -3.1300813008130106 5.792682926829258
18 -3.1300813008130106 6.292682926829258
19 -3.6300813008130106 5.792682926829258
20 -3.1300813008130106 5.292682926829258
21 -2.6300813008130106 5.792682926829258
22 -2.1300813008130106 5.292682926829258
23 -36.13008130081301 -96.20731707317074
24 -3.1300813008130106 5.292682926829258
25 -3.1300813008130106 5.292682926829258
26 14.36991869918699 12.792682926829258
27 7.369918699186989 -11.707317073170742
28 8.36991869918699 34.79268292682926
29 -2.6300813008130106 3.792682926829258
30 -2.6300813008130106 5.292682926829258
31 -2.6300813008130106 4.792682926829258
32 11.36991869918699 -0.7073170731707421
33 -1.6300813008130106 5.292682926829258
34 -1.1300813008130106 5.792682926829258
35 -1.6300813008130106 3.792682926829258
36 14.86991869918699 9.792682926829258
37 6.869918699186989 -14.707317073170742
38 -18.63008130081301 -48.70731707317074
39 -2.6300813008130106 3.792682926829258
40 -2.6300813008130106 4.792682926829258
41 -2.1300813008130106 4.792682926829258
42 -1.6300813008130106 4.292682926829258
43 -0.6300813008130106 3.792682926829258
44 -0.6300813008130106 4.792682926829258
45 -1.6300813008130106 5.792682926829258
46 -3.1300813008130106 4.792682926829258
47 -2.6300813008130106 4.792682926829258
48 -2.6300813008130106 5.792682926829258
49 1.3699186991869894 13.292682926829258
50 17.86991869918699 18.792682926829258
51 -2.1300813008130106 4.792682926829258
52 -1.1300813008130106 4.792682926829258
53 17.36991869918699 14.292682926829258
54 -1.1300813008130106 4.792682926829258
55 -2.1300813008130106 4.292682926829258
56 -1.6300813008130106 8.292682926829258
57 -1.6300813008130106 5.292682926829258
58 4.369918699186989 -24.707317073170742
59 -1.1300813008130106 5.792682926829258
60 -1.1300813008130106 4.792682926829258
61 -1.6300813008130106 3.792682926829258
62 -1.6300813008130106 4.792682926829258
63 -0.6300813008130106 -37.70731707317074
64 -1.6300813008130106 5.792682926829258
65 7.869918699186989 -17.207317073170742
66 4.369918699186989 20.292682926829258
67 -1.6300813008130106 4.292682926829258
68 -2.1300813008130106 5.292682926829258
69 -1.6300813008130106 5.792682926829258
70 8.86991869918699 -17.207317073170742
71 -1.1300813008130106 6.292682926829258
72 -1.1300813008130106 5.792682926829258
73 -3.1300813008130106 5.292682926829258
74 -3.1300813008130106 6.292682926829258
75 -3.1300813008130106 4.792682926829258
76 7.869918699186989 -15.207317073170742
77 -2.1300813008130106 5.292682926829258
78 -2.1300813008130106 6.292682926829258
79 -2.1300813008130106 5.292682926829258
80 -2.1300813008130106 5.292682926829258
81 -2.1300813008130106 5.292682926829258
82 -2.1300813008130106 4.792682926829258
83 -2.1300813008130106 4.292682926829258
84 -5.130081300813011 -54.70731707317074
85 -2.1300813008130106 4.792682926829258
86 5.369918699186989 -24.207317073170742
87 -3.1300813008130106 5.292682926829258
88 6.369918699186989 30.292682926829258
89 8.36991869918699 -16.207317073170742
90 -2.1300813008130106 4.792682926829258
91 -2.1300813008130106 4.292682926829258
92 -6.130081300813011 -3.707317073170742
93 7.869918699186989 -14.207317073170742
94 -20.63008130081301 -99.20731707317074
95 -1.6300813008130106 4.792682926829258
96 7.869918699186989 -16.207317073170742
97 -2.6300813008130106 4.792682926829258
98 -2.6300813008130106 4.292682926829258
99 -1.6300813008130106 3.792682926829258
100 -11.13008130081301 -22.207317073170742
101 -3.6300813008130106 -46.70731707317074
102 -3.6300813008130106 1.792682926829258
103 14.36991869918699 6.792682926829258
104 -1.1300813008130106 6.292682926829258
105 15.36991869918699 10.292682926829258
106 -7.130081300813011 68.79268292682926
107 -2.6300813008130106 3.292682926829258
108 7.369918699186989 -15.207317073170742
109 6.869918699186989 30.792682926829258
110 6.369918699186989 -13.707317073170742
111 -9.13008130081301 -8.207317073170742
112 7.369918699186989 -15.707317073170742
113 -0.13008130081301061 -40.70731707317074
114 -2.1300813008130106 5.292682926829258
115 6.369918699186989 -15.707317073170742
116 7.369918699186989 -10.707317073170742
117 1.8699186991869894 -34.20731707317074
118 -2.1300813008130106 5.792682926829258
119 -2.1300813008130106 4.292682926829258
120 7.869918699186989 -17.707317073170742
121 -3.6300813008130106 4.792682926829258
122 -5.130081300813011 6.292682926829258
123 -3.6300813008130106 1.792682926829258
