1 -3.1000000000000014 -3.875
2 1.8999999999999986 -35.375
3 -3.1000000000000014 -0.875
4 25.4 37.125
5 -3.1000000000000014 0.125
6 -2.6000000000000014 -2.375
7 -3.1000000000000014 -0.375
8 -3.6000000000000014 -0.875
9 -3.6000000000000014 0.125
10 6.399999999999999 -25.375
11 -3.6000000000000014 -0.375
12 -3.1000000000000014 0.125
13 -3.1000000000000014 -1.875
14 -3.6000000000000014 -54.875
15 -3.6000000000000014 -1.875
16 11.399999999999999 41.625
17 -3.1000000000000014 -2.375
18 -2.6000000000000014 -1.875
19 -2.6000000000000014 -1.375
20 20.4 17.125
21 -3.1000000000000014 -2.875
22 -3.1000000000000014 -2.375
23 -3.1000000000000014 -3.375
24 -2.6000000000000014 -0.875
25 4.399999999999999 -18.875
26 -0.6000000000000014 -36.375
27 -3.6000000000000014 1.125
28 -4.100000000000001 2.625
29 -4.100000000000001 0.625
30 -4.600000000000001 1.125
31 -4.100000000000001 2.625
32 -3.6000000000000014 1.625
33 -4.100000000000001 3.125
34 -4.100000000000001 1.125
35 -4.100000000000001 0.125
36 -5.100000000000001 1.625
37 -4.600000000000001 2.625
38 -4.100000000000001 0.625
39 40.4 84.125
40 -4.100000000000001 4.125
41 -31.1 -79.375
42 -4.600000000000001 1.625
43 15.899999999999999 10.125
44 12.399999999999999 1.625
45 29.9 57.125
46 -3.6000000000000014 1.625
47 -4.100000000000001 0.625
48 11.899999999999999 0.125
49 -3.6000000000000014 1.125
50 -4.600000000000001 1.125
51 20.4 25.125
52 4.399999999999999 -21.375
53 -3.6000000000000014 2.125
54 -13.100000000000001 -24.375
55 -4.600000000000001 1.125
56 -0.6000000000000014 11.625
57 -4.100000000000001 0.125
58 -4.600000000000001 2.125
59 -4.100000000000001 1.125
60 -4.600000000000001 1.625
